SIMPLE BLOSSOM
E 0,1 0,2 1,3 3,2 4,0 0,5 5,6 6,7 7,0 0,8 8,9 9,4 3,10 9,11 12,6|315.64149794142565,220.88490298616327,0 276.1036588518335,288.0383980286925,0 311.63475213701224,298.7102112362594,0 274.97730356468765,356.273637364365,0 250.24617683836402,178.5023052075623,0 393.56705014395516,221.54892852509815,0 453.2236784863674,188.40676114964268,0 385.0435648437821,185.44219251205251,0 277.2537848232785,153.0673824023082,0 218.72351177048495,117.97431044357562,0 255.2241725420808,422.0403751600186,0 171.64441162547948,67.98422827467112,0 520.0559096524428,172.63010552162075,0

HONEY SUCKLE
E 0,1 0,2 0,3 0,4 0,5 0,6 6,7 7,8 8,6 5,9 9,10 10,5 4,11 11,12 12,4|306.2412921163146,236.06371075997595,0 300.2599425897324,300.3905734987603,0 253.4641014478226,198.69738847917085,0 364.91314135848825,208.98173587297103,0 384.4692214153934,291.41928885961096,0 315.07008495621653,140.61371541009956,0 219.18550365607962,276.17026567929963,0 149.9123197033868,279.5489598957538,0 171.68168068094118,326.69399978634596,0 346.8636184440041,78.97498679481973,0 295.15274850931036,74.18095178571332,0 451.9539650424926,307.41007040726504,0 421.93405747723386,349.77512165089615,0

TRIAD
E 0,4 0,6 1,5 1,6 2,4 2,5 3,4 3,5 3,6|236.8156838538079,266.78256772570097,0 297.58511963675846,163.604322666275,0 356.55538308462945,267.82132035767796,0 296.98539552506685,232.73607024990088,0 296.49046888007973,289.78754312953396,0 346.6408836846358,204.63895285763624,0 247.82483401048142,203.78171476250296,0

HAPPY STAR
E 1,2 3,4 6,7 3,8 5,9 6,10 0,11 1,12 5,7 2,0 0,13 13,2 1,14 14,2 3,13 13,4 4,5 4,7 7,14 14,6 13,15 7,15 15,4 15,14 15,2|206.82858037417319,168.1785896395718,0 214.39321012298106,302.5569091202932,0 241.8953324213814,233.5403217928846,0 332.31165640463473,119.4643309448093,0 350.4943695897681,191.4061850457598,0 417.39956286811633,223.75355085158847,0 344.51106144826537,336.89898275691786,0 354.4381012622717,263.1897913283965,0 350.6772859939315,49.37383277942429,0 489.76676002690823,219.52147755863808,0 370.7160199106845,404.51399183165245,0 145.94975833192714,128.87717506434407,0 158.1125481517618,348.2531719084825,0 280.88195179626564,172.94340800409208,0 287.4694921126124,289.21667612670365,0 303.0854569771579,230.11901465035305,0

BEACON
E 0,6 1,2 1,4 2,5 3,4 3,5 3,6 4,5 4,6|330.38690963692085,107.63508992937278,0 250.20167905556883,281.90725875394406,0 283.1343038405434,330.9478227193824,0 346.48867746908246,226.33457882320326,0 291.8078590377003,231.78606207224394,0 322.5924759371683,283.12671230386223,0 320.9323291922037,171.3685661932072,0

TEDDY BEAR
E 0,4 0,6 1,2 1,5 1,6 2,5 2,6 3,4 3,5 3,6|339.70985958252754,323.444143741025,0 340.9646832840014,190.25283526894788,0 307.7169665769774,221.9386484812097,0 277.2595330870267,259.32305642426894,0 280.06764060855437,323.78240507242305,0 275.1804023199542,190.23136469507526,0 340.9662969064203,259.03136578575095,0

MOSQUITO
E 0,5 0,7 0,9 1,8 2,5 3,4 3,5 3,7 3,9 6,7 6,8 6,9|385.1542628082786,256.9903463220199,0 123.36763299886469,260.02828297346133,0 513.0578031895932,260.93444344097617,0 389.0262162514159,206.51998888695974,0 416.69278638255366,144.288888913498,0 447.993502418478,243.95410195774116,0 262.49969105849584,242.38674777494987,0 328.554507704562,220.01473946778668,0 187.9255762716126,251.82558589484543,0 330.15426755406367,249.3624320087553,0

BROKEN TREE
E 0,1 0,8 0,9 1,4 1,7 2,5 3,4 3,5 3,7 3,8 3,9 6,7 6,8 6,9|348.93436472962657,99.14996919442665,0 276.9641541390352,104.28291544730233,0 314.06642376191553,355.99523085961926,0 314.89440604689867,209.87876145980508,0 253.98681972069096,169.67577620484195,0 314.4806936625834,289.3845700370157,0 328.03948633014596,115.99112438977207,0 287.4044008715174,156.722193205541,0 348.00840226285237,162.4113485573917,0 371.33317670857,157.6979977578146,0

HORIZON
E 0,3 1,4 2,5 3,7 3,9 4,7 5,7 5,8 6,7 6,8 6,9 7,8 7,9|160.1476485442293,195.05142301945133,0 309.26880994312336,58.56626691797517,0 452.8797726868304,200.8513091736629,0 227.80321503560842,199.89292380735526,0 307.950237591994,125.46219593195299,0 385.0849111110632,203.00384488258527,0 305.09013062316916,269.96771190582865,0 306.3944241638963,203.9541123981811,0 353.6684908739332,247.50521361383366,0 257.4333705310413,245.6027453776391,0

DRAGON
E 0,7 1,4 2,5 3,4 3,5 3,8 3,9 5,8 6,7 6,8 6,9 7,9|158.53247755723336,341.42122472191403,0 481.276837720933,333.69465888066065,0 393.44751571735065,135.0406729510649,0 356.008550146414,265.4906087358739,0 423.2595909806564,302.4469948836556,0 364.8120264185362,195.61365421019917,0 249.17795426141467,255.91009842039128,0 217.45044928837783,310.2380480283925,0 309.2764137015217,224.85672444811033,0 286.28316248341383,296.96117234098335,0

TREE
E 0,5 1,2 1,3 1,4 2,3 3,8 3,9 4,7 4,8 5,8 6,7 6,8 6,9 7,8 8,9|324.0281421696582,352.99849268374373,0 369.2404218715001,102.78612923716189,0 325.9926788693648,63.59973483288781,0 314.51359939138155,128.44840292822354,0 381.2846642250733,167.7610536833258,0 325.7786971107033,284.77883457766677,0 294.8522486103066,234.82993897156769,0 365.1611971241862,229.20762077308288,0 326.7333219713385,199.63996478178467,0 273.53478003956525,176.54545827533406,0

MASK
E 0,4 1,2 1,7 1,9 2,5 2,7 3,4 3,5 3,7 3,8 3,9 6,7 6,8 6,9 7,9 8,9|281.21872916247776,331.96813173387613,0 313.8596804504508,134.38666668559335,0 346.58169695331,96.33670631867858,0 279.2146171819184,184.76415497367185,0 280.36711202216696,265.0010609818954,0 348.0301972322927,161.3736412916868,0 211.883584082733,104.41381409155754,0 278.79851862395094,104.92244195255469,0 209.5595458345054,167.63387273947924,0 251.04190808579915,140.62159236423457,0

SHALLOW GRAVE
E 0,5 1,2 1,4 1,8 1,9 2,4 3,4 3,5 3,7 3,8 3,9 6,7 6,8 6,9 7,8|242.69129211325267,94.3887035629765,0 292.7804540328616,318.7785369949432,0 355.04105285638605,313.82146660332415,0 247.3872268491944,240.64098231766422,0 314.7521632310405,266.7020620905304,0 245.13313682369667,161.1127562482473,0 175.34684219853543,317.90620647997025,0 183.43639831565739,259.1402510466865,0 228.3913093488648,292.2731097521342,0 236.13676995839126,315.0392556346138,0

KITE
E 0,1 0,5 1,8 1,9 2,4 3,4 3,5 3,7 3,8 5,7 6,7 6,8 6,9 8,9|307.27693933228016,84.22346520503679,0 369.1457581563816,87.50761000055407,0 217.1753240780344,322.658537783592,0 306.8611426938766,210.07331692534717,0 258.30865022224833,270.97564706311056,0 305.9515028444799,150.817073666549,0 419.27553642618057,177.51606317553802,0 358.42637188027254,195.24591961872875,0 366.5387291210434,152.58187367973173,0 419.8034146106441,118.78734134238691,0

DOUBLE CAP
E 0,1 0,2 0,3 0,5 2,5 3,7 3,8 4,5 4,7 4,8 5,9 6,7 6,8 6,9|371.3927839598497,237.5089577873848,0 440.14600650770484,245.19674458928853,0 359.49785713180813,298.4876560513403,0 331.54427323931225,173.10721569962058,0 284.8349232942509,205.23190120997,0 308.0298279637857,262.8886160428246,0 220.6414286984259,184.70783572416565,0 278.14397862754316,142.70642886551008,0 264.99068577189564,157.21679352487098,0 237.74865915421017,250.47376966427058,0

JUG
E 0,1 0,3 0,4 1,4 2,4 2,5 3,7 3,8 4,7 4,8 5,9 6,7 6,8 6,9|311.41814683377,146.12001415435236,0 363.99996197245326,166.00529411815754,0 335.700005344282,283.44736279161447,0 251.74205637145286,160.38366115980065,0 313.39446117927554,210.9546948560774,0 312.27142388261706,347.1557159347533,0 227.54470660369375,280.34372942730226,0 259.0383789917912,225.13136054488197,0 237.9339204355499,215.4449237602452,0 248.55569041114353,345.40905842959614,0

BULB
E 0,4 1,5 2,4 2,5 2,7 2,9 3,4 3,5 3,7 3,8 3,9 6,7 6,8 6,9|406.6784278134023,102.16643226877027,0 216.13716151626878,96.4653266006969,0 319.3922282203606,189.54225078760774,0 296.0569742865528,201.10817839273153,0 355.6255199996539,147.7006684116075,0 263.59858292698163,145.65815834473077,0 306.33336871139915,306.3167554347185,0 338.5447510427065,249.8862601830428,0 260.33123347503,265.19288326231225,0 304.3075138854443,252.15649498508293,0

CONFLUX
E 0,1 0,3 1,5 10,11 10,12 10,4 10,9 11,6 11,9 12,6 12,9 2,4 3,5 3,7 5,8 6,7 6,8 7,8|64.82989780462358,129.12450417410102,0 51.921463293214416,186.72925481013783,0 562.1631856444526,229.4542120273659,0 131.1299189933523,143.56571166900144,0 495.4490519998305,227.09534802720958,0 118.0999275964598,201.64834400921814,0 271.33303697093305,205.3620707305505,0 204.31326656922255,163.42699870664126,0 192.7919416424472,214.61494422383288,0 383.7642612764399,267.2459828503439,0 416.3438980485912,225.43987471324903,0 341.0224525136501,235.79027153061236,0 351.2923404043729,210.87400678736415,0

SOLUMN TREE
E 0,1 0,10 0,11 1,8 10,12 10,9 11,3 11,9 12,3 12,9 2,4 3,4 3,6 3,7 5,6 5,7 5,8 7,8|220.30108597975186,79.25605128875574,0 285.827452889297,49.08231928706666,0 274.8052761835198,356.04989422215715,0 268.30243837201255,202.65731189655685,0 271.6273940471843,286.9886813617963,0 379.0759596474247,143.49992604394308,0 342.84125572910096,199.75177621002243,0 322.6749008872696,150.0895227142179,0 344.1814415078237,88.50871069049386,0 143.5752104891513,163.2578717383215,0 167.45918679197254,116.55564208590944,0 212.4430697457988,148.33074369413626,0 195.0354412234014,182.63033839881064,0

NEPTUNE
E 1,2 2,3 3,4 4,5 5,0 0,6 6,7 7,8 8,9 9,1 1,10 11,0 10,12 12,11|196.59804696389241,264.37939510922325,0 415.9409235236012,173.5912821106482,0 368.35205454812734,109.59331854665423,0 293.8127465751595,88.58679816494798,0 222.9434210995301,117.91560343555379,0 185.00255022314323,185.45035356062095,0 244.208937388873,328.3850768089147,0 318.7672482899668,349.40063254738953,0 389.61232290646194,320.10777225507917,0 427.47812545616335,252.53461370567496,0 364.33465669678225,194.93966112198055,0 248.15957098207394,242.86849583827433,0 306.23831634731056,218.86949123690445,0

TANGLE
E 0,1 0,11 0,12 0,2 0,7 0,8 10,3 10,6 10,9 11,4 11,9 12,6 12,9 2,4 3,4 3,5 3,7 3,8 4,5 6,7 6,8|285.9953378282844,229.41978892542764,0 242.7995329809374,297.5010940696809,0 366.43935830987454,241.52884299131566,0 275.75281082291485,265.7145039836258,0 339.5465067865651,282.6518426983253,0 307.6130500710571,331.81239717202857,0 211.1122230708114,172.79051926073745,0 229.4165466068965,221.67611237855374,0 215.85096655206812,240.22294098409174,0 326.17494870269667,149.15238187989632,0 273.0194232954577,188.74857797677242,0 347.25685861228544,210.96137789272544,0 268.35555404872235,152.27042334676793,0

SUN SPIRE
E 0,3 1,2 1,4 10,12 10,8 10,9 11,7 11,9 12,6 12,9 2,5 3,5 3,7 4,5 4,7 5,6 5,7 6,7|343.90914254259513,418.1163983020572,0 186.4000504633526,426.5274886259302,0 169.82647583242036,370.7271656091823,0 294.87809884369995,367.273830463297,0 235.33280230592175,378.8917439909105,0 228.3877800079764,328.6021410271947,0 239.16901829293298,252.9043513324129,0 275.4151118596062,307.3880134767132,0 278.52914234434957,35.6043956827203,0 306.21760862787437,162.08650300224858,0 275.95610733920626,104.031689256854,0 309.36917489664404,235.19170416219748,0 250.81141265747732,171.6126031729958,0

OBSERVE
E 0,3 0,5 1,2 1,3 1,4 10,12 10,3 10,6 10,9 11,3 11,4 11,9 12,6 12,7 12,9 2,3 2,4 3,7 5,8 6,7 6,8|323.8190521325807,144.7064575418939,0 218.47304243484214,226.4338286631551,0 247.67631433325698,260.43420675365275,0 297.35059636234075,223.13287832122813,0 209.79387166010056,292.0713678688856,0 381.144733388119,101.69661535915691,0 423.03608006360037,208.81259033393044,0 368.4576648989912,219.85761809265153,0 436.74760281187474,137.38439106704834,0 352.30474620152387,308.5304685678228,0 363.6751011091674,249.95814429156601,0 281.45238978794055,294.88753026908495,0 409.3322393877187,270.86979479879557,0

UNICORN
E 0,2 0,5 1,4 10,12 10,7 10,9 11,8 11,9 12,6 12,9 2,6 2,8 3,4 3,5 3,6 3,7 3,8 5,8 6,8 7,8|132.93524274544723,291.2355958531618,0 238.4815413233512,76.19061473414814,0 190.69878437346807,318.9892623663686,0 248.83699319423005,229.60616376610585,0 243.4182663044685,145.04376974127862,0 184.97159015907795,252.18214251642178,0 260.1189154282614,312.6350083762094,0 308.24652744189103,261.85985074638705,0 241.83062135418893,283.82188095408327,0 359.9500514828812,370.41232762068097,0 368.3133465821348,305.58118828035873,0 289.6194258039698,354.001693553087,0 323.7638672621771,336.22761458077355,0

BALLOON
E 0,4 1,2 1,5 1,7 10,11 10,3 10,9 11,6 11,8 11,9 12,6 12,9 2,7 2,8 3,4 3,5 3,8 5,8 6,7 6,8|303.34790923882343,373.33405057079335,0 139.5719221713602,154.23547134490022,0 184.37925093976315,136.40796870557415,0 268.31365034308186,225.986851033002,0 287.45051195247834,306.83218847560056,0 197.4500278212922,201.44678492214166,0 243.89143542925277,87.54871541640124,0 168.22810665275426,88.90802076630472,0 241.7298107003339,158.43053299154903,0 348.88705425185793,107.58821710518295,0 325.7493215751202,174.03975208221726,0 294.34041928245927,123.95552185897141,0 308.2949809970288,55.47597494729637,0

SCHOOL TIME
E 0,1 0,4 0,5 1,4 1,5 10,11 10,12 10,7 10,9 11,12 11,6 11,8 11,9 12,7 12,9 2,4 3,4 3,5 3,6 3,8|110.0655733985596,148.48525217328728,0 124.57494365060239,103.46718815473399,0 176.02568788991138,52.76749063517328,0 229.55820114712802,188.62290412523404,0 176.40270470232633,123.24288482370552,0 162.28947855175133,161.1858684637914,0 299.3985563700639,225.18602828965768,0 462.597597035311,344.65029653928065,0 277.15977067560925,251.28038906477664,0 358.3744380564484,344.27925534236755,0 410.45736340934593,306.2306514580728,0 346.3590579408335,288.0004892040183,0 403.4985844953648,348.65973144162285,0

IN CAMERA
E 0,5 1,4 10,7 10,9 11,12 11,3 11,6 11,9 12,6 12,9 2,7 2,8 3,4 3,5 3,8 5,7 6,7 6,8|168.63128119017875,276.5233785182663,0 342.4215668429569,372.4795820525148,0 206.8559220310477,141.96720646817874,0 296.1293216020101,224.50593965268706,0 321.66426930281114,306.14069813680436,0 228.5228358646259,237.7864779099695,0 299.93484664153783,114.79266998270107,0 271.24507771824864,177.3176350984942,0 257.92172130497994,157.18282470121727,0 398.5982597137401,137.36806260277987,0 350.8109746988287,182.24693079577065,0 341.0889016980741,153.00021547600673,0 360.5197658678829,92.84868520811874,0

QUIET MUSIC
E 0,5 1,2 1,8 10,3 10,6 10,9 11,3 11,9 12,2 12,3 12,4 12,6 12,9 2,4 2,8 3,4 3,5 3,7 3,8 4,7 4,8 6,7 6,8|170.94257134958008,106.18672811801048,0 443.15083538582496,223.0990650075153,0 395.3125329254475,262.48634387346465,0 287.4840961396711,215.43727942802494,0 345.95350744069424,232.03184849162923,0 222.53059077948143,154.3255193350687,0 318.1557429617037,226.55431208495656,0 327.422878916925,170.9837306123661,0 376.84243017727977,206.12705215439766,0 267.8308423654183,322.6349577971611,0 270.6680212602851,268.845403558615,0 231.4504932500088,269.94573324952887,0 324.94850404505434,280.98708249342053,0

FALLEN FRIEND
E 0,4 1,7 10,3 10,7 10,9 11,12 11,3 11,9 12,6 12,7 12,9 2,8 3,4 3,5 3,8 6,7 6,8|124.47244521301589,83.74854870226861,0 397.3572172732924,348.20102661170955,0 334.4337157556356,120.64244646295317,0 219.7559530544454,205.04788448829427,0 168.74433429322568,137.17153474385168,0 150.21113591326863,205.4892694344887,0 325.4596851969585,245.08827216038293,0 340.44765703211937,305.12390969771496,0 294.9197570881165,178.97073867413422,0 237.8131499186826,329.9156932235478,0 268.09496596878375,271.0279990527146,0 222.66643684707927,275.04030031289795,0 285.91471035921774,300.9644239497021,0

WATER LILY
E 0,5 1,7 1,8 10,9 11,3 11,6 11,8 11,9 12,3 12,8 12,9 2,4 3,4 3,5 3,7 3,8 5,8 6,7 6,8 7,8|155.15137985888194,209.99068665784233,0 255.8381040762275,90.7585080745651,0 276.4719176120975,364.11225731075245,0 290.9991440210296,210.02141083069742,0 283.2526185904213,294.9983802852779,0 225.59994364112146,197.06789076401088,0 310.9620419841347,107.62003599703519,0 254.38032313859654,142.41601886012458,0 291.7159465623287,158.10644313881323,0 418.95774026961044,171.26950253999686,0 488.8401960431159,165.4874433213057,0 348.6637058187074,159.00309033836086,0 353.6522554960075,194.18057063905192,0

FLOWER CANCER
E 0,2 0,5 0,7 1,4 10,11 10,12 10,6 10,7 10,9 11,12 11,9 12,6 12,8 12,9 2,5 2,7 3,4 3,5 3,6 3,8 7,8|342.6731830056954,104.32647069646667,0 264.8562813482134,369.3052660310638,0 360.86523225377806,141.4946574121795,0 257.88950621769783,218.05014589963716,0 261.54833892623446,300.98612038121087,0 321.7356833276938,176.1283563635726,0 202.25776589159597,167.69515601132903,0 286.8797382022568,112.64645451820782,0 235.80868932689077,152.78367750307888,0 135.2789021281188,78.99951033444987,0 209.37515512388777,94.72650942913863,0 171.705940525985,49.296970957050824,0 170.89583220294463,118.52282527037188,0

PLAGUE DOCTOR
E 0,2 0,3 0,4 1,5 10,12 10,4 10,5 10,6 10,7 10,9 11,6 11,8 11,9 12,3 12,6 12,7 12,9 2,4 3,4 5,7 5,8 6,7 6,8 7,8|118.66928592787308,180.37565810669892,0 364.5486762924172,323.49426107050243,0 105.85014317771613,234.40253744316155,0 176.59932573299974,155.87571968931044,0 172.30615469748383,213.02448025266236,0 328.6359019015487,261.2952337960498,0 314.85590049218536,168.2271620267399,0 306.73096725971766,213.16437044939417,0 363.94261603994687,203.83739654879787,0 299.325055245839,139.21907442676707,0 261.91797531518324,208.97367163406008,0 364.99189726375795,139.99532115053358,0 250.98401569373135,162.0650391193055,0

TORN CROSS
E 0,4 1,3 10,11 10,6 10,7 10,8 10,9 11,9 12,9 2,5 3,4 3,7 4,6 5,8 6,8 7,8|98.79692150569623,156.9168748455156,0 168.13373007640192,34.63372690505341,0 291.1230232995655,368.8369179582828,0 200.48552761122025,96.32381276009622,0 168.23124169995123,152.1040002567234,0 287.66408204651987,300.9032540160947,0 242.3687737112642,177.67601839046438,0 261.83579006896116,145.8988280036474,0 283.3588006781862,219.49081393493063,0 405.2346506866502,163.240905348591,0 322.7793149960314,166.0377194889989,0 372.2154257861087,121.0511518152889,0 474.3595402505019,160.98720083002956,0

TORN FLOWER
E 0,4 0,5 1,5 10,6 10,8 10,9 11,9 12,6 12,7 12,9 2,3 3,6 4,6 4,8 5,6 6,7|189.5537671567923,180.74287249252552,0 205.79598560271887,83.29946882184751,0 218.92883175247,349.58239896314694,0 254.06231093291143,287.644226867567,0 240.5450829385745,223.08598198344234,0 239.91269635550464,145.74137878226728,0 299.9999809142076,208.99999578550225,0 341.9677491033638,155.16019289543496,0 298.34835333256154,262.2817217800566,0 433.0100538103402,238.08775341883126,0 361.3215885249408,248.35340048863108,0 501.7100706656329,250.05822646068975,0 376.3837759157015,200.0244107076957,0

BALLET
E 0,10 0,11 0,6 1,4 10,12 10,3 10,9 11,3 11,9 12,2 12,9 3,4 3,7 3,8 5,6 5,7 5,8 6,7 6,8|282.4023554466431,102.51234381949604,0 313.7256916765639,340.60051430312427,0 497.6989482307701,80.42358599969862,0 293.240505157855,188.95229040273156,0 305.3443773952623,272.1119631349742,0 166.56893106456258,159.96701375992538,0 212.68825206536638,122.46026781980211,0 216.78450649155744,189.66297766257003,0 228.6405427361149,169.62338178038812,0 378.85843778758624,83.41078720648117,0 354.73172361046534,131.8385380686239,0 327.6398384475838,128.20283785578744,0 431.7483522219623,102.39532699060246,0

CHURCH CELLAR
E 0,1 0,5 1,11 1,5 10,3 10,6 10,9 11,12 11,6 11,9 12,3 12,9 2,4 3,4 3,5 3,7 6,7 6,8|426.5715643089439,259.8748986299554,0 393.92501235704697,214.86831874814308,0 106.94461726994498,311.69580447304054,0 258.35517430049657,274.1124724000043,0 174.36657216591783,294.6270279520603,0 354.4292993163019,263.03837168177233,0 317.474139358443,294.11391392495494,0 268.5793013185564,335.79996155890893,0 348.7858605137922,361.1874372283212,0 296.18257933236055,164.76729648219288,0 291.1880219327808,230.707528782965,0 327.8602656496969,216.5637448047205,0 260.58332723312316,205.97047085332667,0

SENTINEL 
E 0,5 1,4 10,12 10,6 10,7 10,9 11,6 11,7 11,8 11,9 12,9 2,6 2,7 3,4 3,5 3,7 3,8 5,6 6,7 6,8|221.0685380184566,334.83010652160357,0 421.7513043998866,360.67045575911453,0 356.38483033163936,179.29145087590538,0 315.4449768453429,249.75385810612985,0 374.03772085708437,310.7714808440356,0 259.67979560920946,274.7215810648593,0 283.61834757853507,195.52336951088822,0 307.9870747482824,166.54281274772268,0 246.6815814986434,224.34276256262808,0 221.07897415685358,92.01174233327335,0 274.9434771095598,114.70536219560599,0 241.44351038400106,157.4591069907813,0 256.46322840628113,47.38169771150117,0

LANDER
E 0,11 0,12 0,2 1,4 10,9 11,3 11,6 11,9 12,3 12,6 12,9 2,6 2,7 3,4 3,6 3,8 5,6 5,7 5,8 6,7|388.004836829648,240.03219533091325,0 155.11594168191453,383.2413805987995,0 362.2510876830391,182.72407145083622,0 273.4797848345209,284.92424001573863,0 208.77750166848753,339.6473023080485,0 257.62556473618133,184.84970960379093,0 311.6707556592148,225.90882805308974,0 309.41504224569496,158.34908416491413,0 223.20855527796448,236.33940374112487,0 393.56898030502407,333.07106818892913,0 444.9257078218585,381.3165813574106,0 348.1992854853924,276.9882166289125,0 339.3648402760058,291.67090406722457,0

SHUTTLE
E 0,1 0,2 0,6 0,7 1,5 10,15 10,8 10,9 11,13 11,14 11,15 11,9 12,13 12,14 12,15 13,14 14,15 14,9 3,4 3,5 3,6 3,8 6,9 7,8 7,9 8,9|227.7605199184492,344.0546003739108,0 246.32335724831668,413.8402490856553,0 161.98667891951632,375.6194844129708,0 340.23456235627964,346.15534042778,0 399.12167692042385,390.3644300145976,0 310.74701800380325,413.695074920875,0 286.03635432956116,298.8297708406402,0 258.5542704661647,273.10402281551603,0 327,265,0 291.10229375254175,209.82667610320374,0 349.6675527931746,195.23622535532454,0 273.2110691340539,138.9552587628371,0 328.8865133137585,62.03311957179383,0 271.24149941409047,70.49160214476773,0 303.38567557603466,118.60952060690963,0 346.15894298718405,124.68359068777711,0

HYACINTH
E 0,4 1,2 1,3 1,7 1,8 10,12 10,3 10,6 10,9 11,12 11,7 11,9 12,3 12,4 12,9 2,3 2,7 5,6 5,7 5,8 6,8 7,8|315.07581041670863,405.0927798970056,0 255.07817856981856,114.24468658774944,0 233.69523265608498,152.5255859688604,0 272.8460054577619,191.21083564209508,0 316.6354013835967,336.40036595416234,0 347.06793398916057,62.021778515425034,0 347.6043318385233,116.25543964170349,0 306.27995645272716,124.62123372143596,0 297.1981759955452,69.85274132184244,0 376.74790348066676,239.99326243946945,0 332.0582756285738,192.70848217788838,0 354.2419872241104,188.92848258154652,0 319.6304718480936,252.25610409728756,0

EVIL TOWER
E 0,1 0,2 0,3 0,4 0,5 10,13 10,7 10,9 11,15 11,6 11,9 12,13 12,14 12,15 13,15 13,9 14,9 2,3 2,4 2,5 3,4 3,5 3,6 4,5 4,8 5,7 6,8 6,9 8,9|322.7115362570354,97.75233667357726,0 312.2430272742009,24.310994556883323,0 291.4032515568612,124.62986657175261,0 335.13246767657176,175.14663172287288,0 294.53232178483916,169.387884214866,0 357.2485533051534,139.1776420246266,0 358.8845579597513,258.6020634035942,0 408.2954197783964,200.9128169905632,0 303.3778385269069,251.0727186781391,0 349.6715247425853,319.44415506570544,0 407.3008920273022,283.6866413668911,0 407.5424801042435,325.6367226091611,0 394.37464107255283,427.25849462712983,0 398.17936081421294,361.0767095992482,0 339.4134672296103,396.3785405539632,0 442.1816707186452,391.7649222214102,0

PLATEAU
E 0,4 1,11 1,12 1,8 10,9 11,3 11,9 12,3 12,9 2,7 2,8 3,4 3,6 3,8 5,6 5,7 5,8 6,7|258.80836741088586,350.01617416128266,0 248.48641043515818,159.1196196285258,0 100.94391763423943,175.16263676926445,0 242.83179374400984,196.90166719571963,0 251.55772124591599,281.10419487441646,0 124.95955452054132,158.63123721183507,0 176.9310159955979,141.0308951115554,0 110.71074912210516,112.6739073578757,0 177.27397803483603,182.9478429150381,0 373.0098552820551,150.55080619779736,0 439.9583730054766,132.55009895672433,0 305.07491832790674,151.65396739390906,0 310.27114912504413,182.302938326289,0

SPLIT FISH
E 0,1 0,2 0,4 0,7 1,2 10,5 10,6 10,8 11,5 11,6 11,8 11,9 12,13 12,14 12,15 13,3 13,6 14,15 14,3 15,6 3,4 3,5 3,7 6,7 8,9|186.76404180502345,300.2567821551291,0 117.09004724945858,316.90334946688415,0 146.63380262345845,359.223604636699,0 284.69215459361743,205.5656862676609,0 214.80060325230178,240.52169999533882,0 360.7096742863738,245.1500888877479,0 353.7041447379649,212.12484076496912,0 269.47575874571214,261.5666996252755,0 481.94746342006687,250.47422898667105,0 482.79394594886236,305.1688860274409,0 421.6965991596698,223.54039942985358,0 422.12529320864684,264.53467589305853,0 317.77471076944045,84.95676337334496,0 318.926303457309,152.90152089895082,0 284.24370150873324,131.04336987252043,0 348.62223950989596,134.09136898250395,0

CHURCH
E 0,11 0,12 0,2 0,4 1,3 10,2 10,6 10,9 11,7 11,9 12,6 12,7 12,9 3,6 3,7 4,8 5,6 5,7 5,8 6,7|315.0671984254419,311.734825034173,0 311.0914935236311,51.12657624561337,0 381.33449782000577,327.10552267113394,0 312.83456151613746,122.06962204149261,0 247.3648447706319,337.5033167516481,0 252.43809505185834,225.01531929074628,0 332.1345508753411,195.40072184864502,0 291.3168593360013,186.3238745489192,0 209.4673246723114,284.4399468362251,0 379.54348626519425,213.01785330696927,0 389.0989747001824,260.3451247549158,0 335.46310447960343,248.4840948763424,0 314.8329558647827,243.68514724159726,0

FORTRESS
E 0,3 1,5 10,6 10,7 10,9 11,13 11,14 11,6 11,8 11,9 12,13 12,14 12,15 13,9 14,7 2,4 2,5 3,7 4,6 4,8 5,7 6,8 7,8|261.2056441085614,393.9004362546156,0 131.41164250292914,252.34032027419272,0 179.8131565289316,163.47681472310984,0 275.4467274307093,324.2949377566931,0 238.52977063604692,128.19689765057393,0 200.46328428228438,229.4928624116112,0 306.3467196283906,119.82295716287882,0 292.47402933870603,238.25340361806363,0 290.655498417648,170.16104338188833,0 396.73051323561594,125.06391253394197,0 335.08670137869643,170.98399110759695,0 364.4807795549463,163.72749191225824,0 464.04658593457725,229.11846777826275,0 437.0270336480299,168.4394280311315,0 381.1548588641347,230.31977080837478,0 532.9958419351265,250.11206623268941,0

FABERGE
E 0,1 0,11 0,14 0,15 0,2 0,4 0,8 1,4 10,3 10,6 10,9 11,6 11,9 12,13 12,14 12,15 14,3 14,9 15,3 15,9 3,4 3,5 3,7 4,7 4,8 6,7 6,8|367.1835935125912,260.68312088974835,0 405.2267012567919,304.20531750359197,0 440.92802734666407,234.11583756866946,0 259.8461323417346,260.17278141123285,0 329.7961582868109,295.489575063672,0 183.07457028001488,243.7933333303651,0 300.7305871366962,371.80455878864507,0 273.0178112324034,325.3081536382175,0 364.8339419332406,341.6099550582816,0 290.4853401806875,269.93452464526496,0 245.2668103642923,324.6688134653167,0 333.3743059313511,322.0448665373798,0 307.6360801168476,136.81285136132317,0 305.09918399033825,63.642753750374396,0 300.252296684623,208.5316341333962,0 319.0511768798804,211.46949891803905,0


AORTA
E 0,1 0,10 0,11 0,14 0,2 0,5 0,7 1,4 10,11 10,14 10,3 10,6 10,9 11,9 12,13 12,14 12,15 13,3 13,6 14,15 14,3 14,9 15,9 3,4 3,5 3,7 6,7 6,8|362.9045741137348,183.5184515570278,0 373.5299771530184,107.53070581414562,0 439.02062625850465,163.08046263287184,0 290.02964475977484,192.37689503725198,0 308.5352375717291,108.11866843332288,0 332.4237294502681,139.06694707299306,0 239.8711256689445,193.04606271912536,0 289.30288682052515,148.57091697203762,0 165.020042168962,175.05557252926616,0 361.5697778951717,291.730206754196,0 326.6243067956302,226.49021128294507,0 391.44907314753044,241.36007379737165,0 264.40318395660694,311.8363514914427,0 239.56277034068324,250.3893720257334,0 314.5379999008163,264.6744644779775,0 318.9275258732963,334.52067668215716,0

LONG TOWER
E 0,5 1,2 1,4 10,11 10,13 10,14 10,15 10,9 11,15 11,6 11,7 11,8 11,9 12,13 12,14 12,15 14,9 15,9 2,4 2,7 3,4 3,5 3,6 3,7 3,8 6,9 8,9|514.7145664925447,141.0950287534374,0 316.0657117761022,67.7621889387738,0 293.1490936227358,126.2084084609412,0 368.4821230401897,201.15899301621994,0 349.8025045361868,123.49691724898616,0 449.65789228753715,168.64152284893314,0 348.5207641870603,279.27369718209343,0 298.2918866023567,203.1725961762049,0 328.9566839623699,263.05880605803856,0 305.8713653094255,335.50418843478957,0 263.9733757955843,374.61017547573107,0 281.35770633705476,290.4265525817576,0 223.93201672985577,404.3382345914969,0 242.69862961069276,450.81288666007055,0 292.1290218148167,410.2465835265198,0 237.33363891258244,338.31997300630394,0

NOBLE BUST
E 0,1 0,10 0,2 0,4 0,7 0,8 1,2 10,11 10,9 11,6 11,9 12,3 12,6 12,9 3,4 3,5 3,8 5,7 6,7 6,8|305.54456106840473,263.80578241978765,0 288.82476726201196,335.1506940829377,0 340.033758326328,328.12848334642223,0 249.44354569799526,163.8910731316269,0 240.4356175359598,237.54616110493032,0 195.04257831642985,177.68434290973312,0 329.43254817671834,161.9026395818924,0 264.21859389800574,201.69069974666877,0 297.04734179635733,205.93431019080725,0 364.45756934177035,128.38110278840182,0 365.7120661771372,205.01427846375773,0 402.3943858021389,160.83185963029422,0 300.07445521927826,112.04989168564227,0

KIND HEART
E 0,1 0,10 0,11 0,13 0,15 0,2 10,6 10,8 11,3 11,8 12,13 12,14 12,15 13,6 14,15 14,6 2,5 3,4 3,5 3,7 6,7 6,9 7,9 8,9|258.88135271864803,179.87028551163945,0 250.84073580137016,104.46331883830312,0 338.1061790142632,158.90896418858668,0 383.10594345253816,271.1382157199505,0 452.840838389858,297.0893292642629,0 397.79202014521735,199.2320521022866,0 228.17764815723882,292.69656086458775,0 312.703976376611,317.24971382118275,0 289.13743892403147,291.56379423324296,0 262.4231335610997,348.5981693622468,0 256.14607602743973,242.3354639335751,0 321.0392580689786,233.63397228260763,0 127.29036534016001,210.85211003433457,0 196.58497922667618,225.28515387117403,0 160.80511033088035,256.09499719524274,0 179.3871992367756,187.36061300816448,0

RIBBON
E 0,1 0,15 0,2 0,7 1,2 10,3 10,8 10,9 11,3 11,6 11,9 12,13 12,14 12,15 13,15 13,6 14,6 14,9 3,4 3,5 3,8 4,5 6,7 6,8|198.84882929458882,319.79468489128794,0 140.99170735267344,361.29280033794095,0 184.35840495493818,389.23230777404706,0 450.739878486466,102.93929037697137,0 504.79451395591457,54.49367908059536,0 522.7130996434848,102.92622677197767,0 319.537456489573,189.1895872682328,0 268.1232919720159,268.7396044304759,0 385.2819110949781,128.36172411382174,0 337.4835621019409,102.28025435177376,0 396.34161583135386,71.03771573116269,0 385.55408648964436,150.74678146709135,0 210.32704723062855,177.82416606441203,0 251.45198652810754,213.4274754439296,0 274.27471223020177,139.7806413640412,0 195.3726821290508,246.6009572125818,0

UPTURND BLOSSOM
E 0,10 0,11 1,5 1,6 10,3 10,5 10,8 11,8 11,9 12,13 12,14 12,15 13,14 13,15 13,5 13,6 13,7 14,7 15,6 2,4 3,4 3,5 3,6 3,7 3,9 5,6 8,9|451.7339592566085,279.0731188224702,0 265.8207048915586,194.88933020383027,0 399.82394963900236,101.99136904592721,0 334.0417489853804,251.5533563370317,0 370.9531380734074,168.3132110692411,0 289.702473582122,264.86873332098827,0 244.94463177394184,242.5158245900211,0 268.9321429188465,313.09821890723543,0 424.54406127269266,345.5119359567345,0 413.0144116994368,291.44428504487234,0 375.3869692365855,292.87572066288334,0 476.9912006168603,326.0522575005943,0 153.41919903410525,312.5075319662697,0 215.93606905582902,291.3454788063644,0 203.77759341614515,346.8501119065737,0 172.288978062951,254.7132667225132,0

SUBWAY
E 0,1 0,13 0,16 0,2 0,20 0,5 0,6 10,11 10,12 10,13 11,3 13,3 14,15 14,16 14,17 15,3 15,4 16,7 17,3 17,4 17,7 18,19 18,20 18,21 20,3 3,5 3,6 3,9 4,5 4,6 4,8 4,9 7,8 7,9|322.6870205373322,269.0320450009229,0 372.2249240210877,210.516125711535,0 387.05098604828044,314.75550736678986,0 273.32764905575186,259.76659028025085,0 211.28398805702068,347.158712288376,0 270.8315714005016,309.8959985634497,0 290.10233460543566,325.4328264731732,0 153.26186028941666,325.11724124046356,0 139.2968955446039,383.87938665518885,0 192.2071644870859,277.0212853348195,0 264.14535799482195,106.83950026325189,0 249.3822556629136,172.2084716588825,0 250.4127727261347,32.17146570728334,0 292.334353116216,188.80543042255465,0 208.01354165267043,375.99472832301467,0 263.4631187021775,351.248207065944,0 233.52874491103654,314.4244572583621,0 202.17370579603337,303.3176299094843,0 501.67722076369057,237.954636014746,0 573.7583886395041,256.61057605211045,0 390.3675158033927,251.68768629271935,0 567.0669452147921,202.4944504321316,0

TURKEY
E 0,4 1,5 1,7 10,14 10,3 10,9 11,2 11,6 11,9 12,13 12,14 12,15 13,14 13,15 13,2 13,6 13,9 14,2 14,9 2,5 2,8 3,4 3,5 3,8 5,7 6,7 6,8|276.8001264305933,440.96151742703256,0 163.2279656044822,218.78210975372755,0 305.6236300160047,169.76795675507884,0 285.9695316850502,283.22441232296177,0 281.0256336587019,370.70070759506575,0 234.9327007538527,221.84720063854348,0 265.78701306682126,145.29366504246372,0 197.4821117008312,170.69150933032665,0 274.83064692324325,217.3467375640873,0 339.41778492966785,165.91038842953668,0 349.7001200074583,232.3811666016528,0 303.2752691578446,108.79897716260584,0 413.6390670763025,106.99611236984808,0 348.2462113851686,113.93493178602404,0 382.12291592484064,166.46918349209747,0 393.5476395642024,54.24747484215535,0

FLOTSAM
E 0,13 0,2 0,6 1,10 10,3 10,8 10,9 11,8 12,18 12,5 13,14 13,16 13,17 13,3 13,5 13,6 14,16 14,18 14,3 14,6 15,16 15,17 15,18 16,18 2,4 3,4 3,6 3,7 4,6 5,6 5,7 6,7 8,9|280.2213967827646,350.72640801778124,0 260.09783020740457,75.18290987683139,0 215.1639527370512,351.49794887952515,0 302.8829046255239,249.90440389318883,0 253.84945346622268,296.61394261048616,0 395.9355133477192,282.24722314227023,0 323.48090285267835,294.35288130797693,0 357.3479514714727,236.68585014447632,0 160.29941838841262,93.30081336743643,0 209.04584818302504,78.7545163281001,0 236.44888979041556,142.26935438134416,0 103.3829048411412,48.98837591138161,0 470.9299575888929,286.9428267380369,0 346.3470640829944,338.3068493609363,0 380.58134470018774,308.1571720265906,0 447.66060437040113,412.8190107975809,0 405.3899626529021,369.3524532776896,0 382.6462530639485,413.58288119071966,0 452.5034513669136,345.64686064786093,0

LANDSCAPE
E 0,7 1,10 10,11 10,12 10,6 10,7 10,9 11,13 12,13 12,16 12,18 13,14 13,16 13,17 13,18 13,9 14,16 15,16 15,17 15,18 16,18 2,3 2,4 2,5 3,4 4,5 5,8 6,7 6,8 6,9|338.3149094373308,94.13390991866848,0 449.2995956813356,136.41000930554623,0 64.81898551442167,221.28518263313123,0 10,249.2256523089893,0 68.04187795825355,269.60366234431575,0 135.80036447742438,240.9494256177999,0 345.0519217528756,225.68083112065383,0 365.0092163701818,160.6101246194953,0 235.54607412295712,234.31270700654068,0 423.8542813327003,265.6305907752936,0 427.49020200015036,205.42331616371328,0 469.8482286504659,253.5999340076687,0 516.4642423176024,241.65770151513107,0 516.522422475142,297.1881747619755,0 543.5524462341556,358.6178855446647,0 630,295.91266118408686,0 567.8561354763876,300.56028780240365,0 588.2372134715476,337.11159454723804,0 578.7936776239283,256.667998791317,0

